EYESAT-1 (AO-27)        
1 22825U 93061C   16290.48558769  .00000036  00000-0  31601-4 0  9992
2 22825  98.7751 247.5707 0007888 330.4099  29.6635 14.29972399202571
CUTE-1 (CO-55)
1 27844U 03031E   16290.55062259  .00000130  00000-0  78505-4 0  9997
2 27844  98.6932 297.0988 0009282 338.3553  21.7231 14.21985259689698
CUBESAT XI-IV (CO-57)
1 27848U 03031J   16290.48496965  .00000107  00000-0  68630-4 0  9990
2 27848  98.7029 297.1842 0009355 347.6822  12.4125 14.21607447689579
CUBESAT XI 5
1 28895U 05043F   16290.68023057  .00000427  00000-0  91302-4 0  9995
2 28895  97.8416  98.5838 0016653 189.8793 170.2084 14.63276543584871
CUTE-1.7+APD II (CO-65)
1 32785U 08021C   16290.51056315  .00000721  00000-0  84841-4 0  9999
2 32785  97.5921 319.6154 0011737 253.5488 106.4439 14.87696042458666
COMPASS-1
1 32787U 08021E   16290.70412974  .00001381  00000-0  14057-3 0  9993
2 32787  97.5908 327.0973 0011627 225.5897 134.4371 14.92245182459181
AAUSAT-II
1 32788U 08021F   16290.65783220  .00001916  00000-0  18720-3 0  9998
2 32788  97.5909 329.4515 0011165 218.7472 141.2949 14.93474890459325
DELFI-C3 (DO-64)
1 32789U 08021G   16290.78634529  .00004252  00000-0  31257-3 0  9996
2 32789  97.5921 347.8410 0012863 204.8663 155.1945 15.03880542460275
CANX-2
1 32790U 08021H   16291.11999268  .00000600  00000-0  71963-4 0  9992
2 32790  97.5885 318.7563 0012432 252.9484 107.0371 14.87445297458708
SEEDS II (CO-66)
1 32791U 08021J   16291.15558272  .00000968  00000-0  10588-3 0  9995
2 32791  97.5920 323.8079 0012260 237.3986 122.6050 14.89949778458950
SWISSCUBE
1 35932U 09051B   16290.30467317  .00000406  00000-0  10326-3 0  9991
2 35932  98.4646  58.9508 0006502 281.8771  78.1697 14.55894174374834
BEESAT
1 35933U 09051C   16290.31210418  .00000350  00000-0  90345-4 0  9999
2 35933  98.4675  60.1216 0004774 299.1996  60.8723 14.56027820374934
ITUPSAT 1
1 35935U 09051E   16290.78487524  .00000302  00000-0  80778-4 0  9992
2 35935  98.4787  60.8517 0007013 286.8958  73.1470 14.55232489374834
TISAT 1
1 36799U 10035E   16290.87838914  .00001458  00000-0  15686-3 0  9996
2 36799  98.0407  43.1204 0013446  50.7863 309.4546 14.90045592339549
M-CUBED & EXP-1 PRIME
1 37855U 11061F   16290.80477510  .00003798  00000-0  20876-3 0  9990
2 37855 101.7115  32.7838 0184545  79.8247 282.3720 15.01924412270249
HORYU 2
1 38340U 12025D   16291.20379515  .00000732  00000-0  11646-3 0  9992
2 38340  98.3656 280.7509 0011513 351.1903   8.9101 14.75154120237462
STRAND-1
1 39090U 13009E   16290.52863744  .00000097  00000-0  49744-4 0  9999
2 39090  98.5729 131.9567 0008359 307.3983  52.6441 14.34924507190532
BRITE-AUSTRIA
1 39091U 13009F   16290.55407379  .00000059  00000-0  36319-4 0  9993
2 39091  98.5687 131.4551 0009742 315.2526  44.7872 14.34996954190559
UNIBRITE
1 39092U 13009G   16290.53199219  .00000057  00000-0  35663-4 0  9992
2 39092  98.5693 131.1540 0008524 308.4924  51.5496 14.34869941190536
AIST-2
1 39133U 13015D   16291.22891272  .00000833  00000-0  72246-4 0  9990
2 39133  64.8741 333.2360 0020274 320.8539  39.1112 15.04053312191761
SOMP
1 39134U 13015E   16291.19934668  .00004624  00000-0  24399-3 0  9991
2 39134  64.8698 290.0707 0018087 303.2910  56.6483 15.16671586192617
BEESAT-2
1 39136U 13015G   16291.20215347  .00003596  00000-0  20575-3 0  9990
2 39136  64.8711 297.5594 0017408 310.0032  49.9564 15.14192799192479
NEE-01 PEGASUS
1 39151U 13018B   16291.19387278  .00000587  00000-0  85278-4 0  9990
2 39151  97.9942  18.1687 0018490 114.9429 245.3706 14.79563506187610
CUBEBUG-1 (CAPITAN BETO)
1 39153U 13018D   16291.19025025  .00000699  00000-0  99180-4 0  9992
2 39153  97.9956  18.7197 0018406 113.8083 246.5061 14.79998414187640
ESTCUBE 1
1 39161U 13021C   16291.02175921  .00000542  00000-0  94811-4 0  9991
2 39161  98.0440  14.0274 0009206 192.0129 168.0869 14.71755690184989
POPACS 1
1 39268U 13055D   16291.19258670  .00007510  00000-0  22198-3 0  9997
2 39268  81.0037 261.1599 0662392 210.6261 145.4652 14.28111068157471
POPACS 2
1 39269U 13055E   16289.94617913  .00005233  00000-0  15845-3 0  9998
2 39269  81.0154 272.9132 0707444 242.0382 110.7481 14.18123252155443
POPACS 3
1 39270U 13055F   16290.38003733  .00003312  00000-0  10734-3 0  9997
2 39270  81.0172 278.0540 0729348 258.5613  93.2845 14.12014315156354
PHONESAT 2.4
1 39381U 13064B   16290.52625103  .00091735  00000-0  54818-3 0  9994
2 39381  40.4896 349.1652 0006489 121.9969 238.1490 15.76751669163944
FIREFLY
1 39404U 13064AA  16290.67249003  .00032460  00000-0  37915-3 0  9996
2 39404  40.5055  22.9768 0001759 118.4304 241.6696 15.60868061163036
ZACUBE-1 (TSHEPISOSAT)
1 39417U 13066B   16290.80205165  .00000683  00000-0  93335-4 0  9999
2 39417  97.6657 338.3899 0059112 347.0688  12.9006 14.80519184156767
WNISAT-1
1 39423U 13066H   16291.07818541  .00000268  00000-0  62117-4 0  9997
2 39423  97.6718 293.8320 0177140 118.1987 243.7234 14.52751636153939
TRITON-1
1 39427U 13066M   16290.54753065  .00000663  00000-0  11428-3 0  9998
2 39427  97.6574 316.0431 0115683  49.4952 311.6264 14.67291664155314
GOMX 1
1 39430U 13066Q   16291.08499978  .00000645  00000-0  12601-3 0  9996
2 39430  97.6666 302.7439 0153473  90.7072 271.1733 14.58698330154491
BRITE-PL
1 39431U 13066R   16290.54119891  .00000126  00000-0  36494-4 0  9991
2 39431  97.6841 284.3006 0203538 149.7889 211.5228 14.46765666153222
HUMSAT-D
1 39433U 13066T   16291.15478219  .00001341  00000-0  13999-3 0  9997
2 39433  97.6857 355.0652 0030151 306.0055  53.8370 14.91061415157798
EAGLE 2
1 39436U 13066W   16291.23406467  .00034605  00000-0  13154-2 0  9996
2 39436  97.7135  21.4830 0014141 216.6787 143.3484 15.26619884159467
CUBEBUG-2 (LO-74)
1 39440U 13066AA  16291.17384905  .00000685  00000-0  10321-3 0  9991
2 39440  97.6604 329.9111 0081141   9.5116 350.7607 14.75274316156265
NEE-02 KRYSAOR
1 39441U 13066AB  16290.09771166  .00000479  00000-0  75535-4 0  9991
2 39441  97.6583 327.9587 0082653  15.5399 344.8319 14.74487331156015
FUNCUBE-1 (AO-73)
1 39444U 13066AE  16290.69627402  .00000829  00000-0  11014-3 0  9993
2 39444  97.6669 339.0387 0058241 345.0763  14.8729 14.81213878155566
UWE-3
1 39446U 13066AG  16290.68015599  .00000659  00000-0  95075-4 0  9993
2 39446  97.6621 333.6438 0070570 359.4731   0.6394 14.77801725155230
BRITE-TORONTO
1 40020U 14033L   16291.17909732  .00000289  00000-0  58102-4 0  9993
2 40020  97.8677 166.3498 0088284  20.5683 339.9040 14.66313923124488
DUCHIFAT-1
1 40021U 14033M   16291.21843562  .00001624  00000-0  17607-3 0  9995
2 40021  97.9229 197.9700 0014026  26.6914 333.5023 14.89533141126424
FLOCK 1C-10
1 40023U 14033P   16291.18315711  .00002400  00000-0  26565-3 0  9999
2 40023  97.9269 197.3413 0013822  31.0285 329.1897 14.88230943126354
NANOSATC-BR1
1 40024U 14033Q   16291.18159476  .00001349  00000-0  14956-3 0  9996
2 40024  97.9198 197.1749 0013262  27.4905 332.7010 14.88910863126388
QB50P1
1 40025U 14033R   16290.96828218  .00001054  00000-0  12034-3 0  9997
2 40025  97.9190 196.3366 0013465  29.9319 330.2664 14.88167631126316
FLOCK 1C-7
1 40026U 14033S   16291.18415478  .00002760  00000-0  29936-3 0  9997
2 40026  97.9269 197.7510 0012530  28.3230 331.8810 14.88946949126381
FLOCK 1C-1
1 40027U 14033T   16291.16548757  .00002139  00000-0  23674-3 0  9996
2 40027  97.9278 197.4750 0013468  29.2061 330.9933 14.88363164126364
POPSAT-HIP-1
1 40028U 14033U   16291.04652232  .00001171  00000-0  13334-3 0  9995
2 40028  97.9224 196.6175 0014725  27.1010 333.1007 14.88048638126314
FLOCK 1C-2
1 40029U 14033V   16291.19348638  .00002635  00000-0  29039-3 0  9999
2 40029  97.9257 197.3851 0015298  23.1478 337.0387 14.88314587126357
FLOCK 1C-4
1 40031U 14033X   16291.19380575  .00002755  00000-0  30361-3 0  9991
2 40031  97.9256 197.4035 0015529  22.1246 338.0659 14.88273166126342
QB50P2
1 40032U 14033Y   16291.21299494  .00001058  00000-0  12203-3 0  9994
2 40032  97.9171 195.9359 0012721  24.2668 335.9144 14.87735077126318
FLOCK 1C-11
1 40033U 14033Z   16291.15847462  .00002445  00000-0  26117-3 0  9992
2 40033  97.9278 198.1584 0012932  18.4090 341.7627 14.89673711126409
ANTELSAT
1 40034U 14033AA  16291.12752935  .00000934  00000-0  14752-3 0  9993
2 40034  97.8858 176.1463 0059673 355.3652   4.7031 14.73507587125139
FLOCK 1C-9
1 40035U 14033AB  16291.19031890  .00002621  00000-0  28881-3 0  9994
2 40035  97.9309 197.6396 0012637  18.2192 341.9252 14.88359715126358
FLOCK 1C-6
1 40036U 14033AC  16291.16113209  .00002249  00000-0  24800-3 0  9990
2 40036  97.9316 197.7525 0013047  18.5570 341.6130 14.88458036126360
PERSEUS-M2
1 40037U 14033AD  16291.20694362  .00000463  00000-0  59023-4 0  9992
2 40037  97.9208 195.0349 0015177  26.4603 333.7384 14.86112935126228
FLOCK 1C-5
1 40038U 14033AE  16291.16934455  .00002050  00000-0  22634-3 0  9999
2 40038  97.9288 197.6151 0015232  17.1197 343.0551 14.88483199126352
PERSEUS-M1
1 40039U 14033AF  16291.21278905  .00000432  00000-0  56031-4 0  9998
2 40039  97.9219 194.7180 0014911  22.1831 338.0027 14.85738933126203
FLOCK 1C-8
1 40040U 14033AG  16291.20225894  .00002809  00000-0  29420-3 0  9999
2 40040  97.9299 198.9398 0013805   7.9211 352.2244 14.90356636126430
FLOCK 1C-3
1 40041U 14033AH  16291.21510565  .00002410  00000-0  26728-3 0  9999
2 40041  97.9297 197.5292 0013513  14.0028 346.1567 14.88155168126342
POLYITAN-1
1 40042U 14033AJ  16291.21431349  .00001305  00000-0  14895-3 0  9996
2 40042  97.9262 196.4908 0015526  16.5270 343.6449 14.87756122126290
TIGRISAT
1 40043U 14033AK  16291.20551727  .00000569  00000-0  92154-4 0  9995
2 40043  97.8844 176.8018 0060433 357.1217   2.9635 14.73841330125047
LEMUR-1
1 40044U 14033AL  16291.15772657  .00000518  00000-0  84993-4 0  9993
2 40044  97.8844 176.5714 0059601 358.1856   1.9127 14.73662643125024
AEROCUBE 6A
1 40045U 14033AM  16291.15880197  .00001109  00000-0  16980-3 0  9990
2 40045  97.8928 177.3221 0058936 353.5628   6.4817 14.74541859124904
AEROCUBE 6B
1 40046U 14033AN  16291.15880137  .00001100  00000-0  16859-3 0  9991
2 40046  97.8923 177.2733 0058178 353.2268   6.8149 14.74541147125040
UKUBE-1
1 40074U 14037F   16291.18716964  .00001148  00000-0  14751-3 0  9996
2 40074  98.3377  29.4698 0005765 112.3557 247.8280 14.83241221123150
BRITE-PL 2
1 40119U 14049B   16291.22191130  .00000550  00000-0  72460-4 0  9994
2 40119  97.9536  12.2212 0018180 157.9614 202.2385 14.84011256117123
FIREBIRD 4
1 40378U 15003C   16290.94855809  .00005266  00000-0  23199-3 0  9993
2 40378  99.1000  61.0737 0141987  87.5060 274.2412 15.13724725 94195
GRIFEX
1 40379U 15003D   16290.90308743  .00004810  00000-0  22232-3 0  9991
2 40379  99.1006  59.7689 0146729  92.3907 269.4126 15.11679855 94116
EXOCUBE
1 40380U 15003E   16290.93253299  .00003618  00000-0  17334-3 0  9993
2 40380  99.1031  59.0584 0149831  94.4611 267.3747 15.10395718 94067
DEORBITSAIL
1 40719U 15032E   16290.73431657  .00001187  00000-0  18064-3 0  9995
2 40719  98.0016 181.2092 0015754 202.6513 157.4003 14.75739673 68412
S-CUBE
1 40898U 98067GY  16291.01967977  .00197942  26356-4  50704-3 0  9991
2 40898  51.6246 124.7975 0003962 272.5209  87.5345 15.94888193 62014
TIANWANG 1C (TW-1C)
1 40926U 15051B   16291.09663753  .00020088  00000-0  52476-3 0  9996
2 40926  97.2632 326.7698 0012473 337.1463  80.5719 15.38737230 59493
TIANWANG 1B (TW-1B)
1 40927U 15051C   16291.13327101  .00013553  00000-0  36707-3 0  9994
2 40927  97.2718 326.9102 0012248 346.6444  89.1006 15.37708448 59475
TIANWANG 1A (TW-1A)
1 40928U 15051D   16291.14022250  .00007869  00000-0  23900-3 0  9997
2 40928  97.2587 325.2168 0013751 358.1116  37.6506 15.34250722 59419
LEMUR-2-JOEL
1 40932U 15052C   16290.31601048  .00002239  00000-0  21914-3 0  9998
2 40932   6.0066 169.0798 0013488  38.8645 321.2548 14.77291655 56885
LEMUR-2-CHRIS
1 40933U 15052D   16291.08516789  .00001874  00000-0  16823-3 0  9998
2 40933   6.0058 162.8640 0013904  54.3837 305.7540 14.77436706 57005
LEMUR-2-JEROEN
1 40934U 15052E   16290.40321276  .00002643  00000-0  27883-3 0  9992
2 40934   6.0069 170.9920 0010895  30.9812 329.0893 14.76763656 56845
LEMUR-2-PETER
1 40935U 15052F   16290.31895476  .00002039  00000-0  19604-3 0  9992
2 40935   6.0020 172.4249 0010583  28.1573 331.9065 14.76555658 56834
EXACTVIEW 9
1 40936U 15052G   16290.38306445  .00001233  00000-0  84416-4 0  9992
2 40936   6.0014 173.0822 0010450  22.8456 337.2081 14.76135232 56846
GOMX 3
1 40949U 98067HA  16290.95713934  .03017590  11961-4  10865-2 0  9994
2 40949  51.6102 113.6035 0007264 280.7967  79.2235 16.24049773 59443
FLOCK 2B-3
1 40952U 98067HD  16287.83599325  .06081776  12235-4  75080-3 0  9993
2 40952  51.6222 131.1440 0013795 261.9314  98.0393 16.35026669 58835
FLOCK 2B-4
1 40953U 98067HE  16291.21312115  .11586964  12535-4  37363-3 0  9991
2 40953  51.6378 115.4233 0014651 279.7922  82.3163 16.43384270 59349
FLOCK 2B-9
1 40963U 98067HL  16290.22871241  .08214560  12305-4  80059-3 0  9993
2 40963  51.6156 120.1405 0015098 267.3200  93.7862 16.37055307 59055
ATHENOXAT 1
1 41168U 15077C   16291.09358748  .00005708  00000-0  29552-3 0  9999
2 41168  14.9882 144.0403 0013196 249.9961 195.8705 15.10597220 46210
GALASSIA
1 41170U 15077E   16291.15316555  .00004008  00000-0  19236-3 0  9999
2 41170  14.9879 141.4920 0014027 265.0724  94.7995 15.11185776 46245
VELOX 2
1 41171U 15077F   16290.72040335  .00003455  00000-0  17097-3 0  9990
2 41171  14.9906 150.7940 0009377 228.3201 131.6317 15.09181191 46126
AGGIESAT 4
1 41313U 98067HP  16290.82677498  .00021422  00000-0  23071-3 0  9998
2 41313  51.6385 162.2403 0002632 296.8096  63.2629 15.63643745 40739
BEVO 2
1 41314U 98067HQ  16290.50440326  .00042110  00000-0  36110-3 0  9997
2 41314  51.6319 159.1832 0001673 268.0449  92.0357 15.68959440 40549
HORYU-IV
1 41340U 16012D   16290.83872180  .00001601  00000-0  11796-3 0  9992
2 41340  31.0047 216.0661 0014426 183.6657 176.3874 15.00257858 36437
OUFTI-1
1 41458U 16025C   16291.24417519  .00008504  00000-0  46316-3 0  9998
2 41458  98.2115 308.7528 0179244  21.3636 339.4948 15.01908050 26097
E-ST@R-II
1 41459U 16025D   16291.11345983  .00007920  00000-0  43303-3 0  9994
2 41459  98.2111 308.6008 0178996  21.9155 338.9601 15.01837841 26078
AAUSAT 4
1 41460U 16025E   16291.08634415  .00009334  00000-0  51342-3 0  9996
2 41460  98.2022 308.6228 0173597  20.6462 340.1663 15.02267881 26079
DIWATA-1
1 41463U 98067HT  16291.07372844  .00019136  00000-0  25800-3 0  9990
2 41463  51.6432 168.0776 0000798  95.8865  54.3419 15.57835677 26841
MINXSS
1 41474U 98067HU  16291.06243584  .00054180  00000-0  53786-3 0  9991
2 41474  51.6415 164.5903 0002912 205.2138 154.8716 15.65222044 23960
CADRE
1 41475U 98067HV  16291.15670844  .00118419  00000-0  86722-3 0  9997
2 41475  51.6350 161.4253 0004228 202.1775 157.9041 15.72299133 24011
STMSAT-1
1 41476U 98067HW  16291.11727576  .00056421  00000-0  55438-3 0  9993
2 41476  51.6380 164.1829 0003183 188.7748 171.3192 15.65462397 23889
NODES 2
1 41477U 98067HX  16291.10585690  .00034197  00000-0  38356-3 0  9998
2 41477  51.6376 165.6043 0002683 190.7145 169.3793 15.62323058 23866
NODES 1
1 41478U 98067HY  16291.11048521  .00034034  00000-0  38310-3 0  9997
2 41478  51.6375 165.6336 0002570 190.0466 170.0477 15.62232841 23862
FLOCK 2E'-1
1 41479U 98067HZ  16291.09441545  .00034481  00000-0  42231-3 0  9991
2 41479  51.6427 166.6990 0003156  83.6571  67.6198 15.60025847 23802
FLOCK 2E'-3
1 41480U 98067JA  16291.14136285  .00035378  00000-0  42929-3 0  9991
2 41480  51.6430 166.3030 0003582  81.5859  54.6058 15.60255327 23819
FLOCK 2E'-2
1 41481U 98067JB  16291.11835279  .00035338  00000-0  42185-3 0  9998
2 41481  51.6420 166.1004 0003805  48.3006 112.3448 15.60683874 23795
FLOCK 2E'-4
1 41482U 98067JC  16291.14558012  .00041211  00000-0  49213-3 0  9995
2 41482  51.6421 166.3221 0003043 142.1815 356.6396 15.60603762 23798
FLOCK 2E-1
1 41483U 98067JD  16291.09254744  .00028462  00000-0  34799-3 0  9991
2 41483  51.6435 166.7019 0002790 128.0775  23.5910 15.60174213 23650
FLOCK 2E-2
1 41484U 98067JE  16291.13906962  .00033453  00000-0  40750-3 0  9993
2 41484  51.6434 166.2978 0002002 136.3205   0.7942 15.60186660 23667
LEMUR-2-THERESACONDOR
1 41485U 98067JF  16291.14956532  .00088689  00000-0  84212-3 0  9995
2 41485  51.6461 164.1079 0001192 215.9840 281.7456 15.66134238 23655
FLOCK 2E-3
1 41486U 98067JG  16291.12365097  .00020736  00000-0  26228-3 0  9996
2 41486  51.6415 166.9012 0001991 200.0829 318.9602 15.59479180 23680
FLOCK 2E-4
1 41487U 98067JH  16291.15391635  .00027975  00000-0  34537-3 0  9991
2 41487  51.6413 166.3813 0002933 197.8527 300.6370 15.59928071 23696
LEMUR-2-NICK-ALLAIN
1 41488U 98067JJ  16291.09743311  .00081518  00000-0  78854-3 0  9990
2 41488  51.6430 164.5448 0002540 165.8789 315.3854 15.65704046 23645
LEMUR-2-KANE
1 41489U 98067JK  16290.94002471  .00053881  00000-0  52118-3 0  9996
2 41489  51.6417 165.0534 0003005 155.9620 299.8429 15.65875438 22876
LEMUR-2-JEFF
1 41490U 98067JL  16291.14283579  .00101967  00000-0  93662-3 0  9999
2 41490  51.6423 164.0532 0003284 193.3674 305.0655 15.66893293 23654
FLOCK 2E-6
1 41563U 98067JM  16289.82754215  .00029154  00000-0  36748-3 0  9991
2 41563  51.6435 173.4762 0001972 112.6581 292.7984 15.59358617 21541
FLOCK 2E-5
1 41564U 98067JN  16291.12559632  .00031922  00000-0  39947-3 0  9994
2 41564  51.6430 166.9614 0004172  66.0982  66.5131 15.59495065 21733
FLOCK 2E-7
1 41565U 98067JP  16291.09546806  .00034964  00000-0  42415-3 0  9993
2 41565  51.6448 166.7047 0002059 248.1809 264.2951 15.60272186 21639
FLOCK 2E-8
1 41566U 98067JQ  16291.11901604  .00101142  00000-0  10763-2 0  9991
2 41566  51.6394 166.1781 0002808 259.1622 227.3641 15.63197449 21633
FLOCK 2E'-5
1 41567U 98067JR  16291.08919655  .00029621  00000-0  37675-3 0  9996
2 41567  51.6427 167.4284 0002457 298.0245 213.1550 15.59109955 21593
FLOCK 2E'-6
1 41568U 98067JS  16291.12315505  .00032797  00000-0  40718-3 0  9996
2 41568  51.6447 166.8797 0003367 318.0763 200.8864 15.59692254 21632
FLOCK 2E'-8
1 41569U 98067JT  16291.14801419  .00035611  00000-0  43010-3 0  9999
2 41569  51.6427 166.3349 0002059 126.7877  14.5690 15.60379002 21526
FLOCK 2E'-7
1 41570U 98067JU  16291.08827850  .00037475  00000-0  44061-3 0  9998
2 41570  51.6420 166.6758 0003159 165.4787 345.4348 15.61053834 21530
FLOCK 2E-9
1 41571U 98067JV  16291.08522919  .00045917  00000-0  54638-3 0  9998
2 41571  51.6436 166.6516 0002150 298.8855 211.9185 15.60650026 21493
FLOCK 2E-10
1 41572U 98067JW  16291.09692721  .00044918  00000-0  54325-3 0  9992
2 41572  51.6465 166.7223 0001830 245.7466 266.2830 15.60234495 21493
FLOCK 2E-12
1 41573U 98067JX  16291.09780394  .00037044  00000-0  44853-3 0  9994
2 41573  51.6447 166.7133 0001878 330.0361 189.0811 15.60294165 21499
FLOCK 2E-11
1 41574U 98067JY  16291.07287080  .00037414  00000-0  44779-3 0  9995
2 41574  51.6396 166.5618 0002313 305.1986 205.1339 15.60592342 21493
FLOCK 2E'-9
1 41575U 98067JZ  16291.13744766  .00038468  00000-0  45956-3 0  9990
2 41575  51.6429 166.2513 0004403 359.8773 137.1361 15.60620377 21493
FLOCK 2E'-10
1 41576U 98067KA  16291.10417042  .00040674  00000-0  49095-3 0  9992
2 41576  51.6445 166.7761 0001791 351.7349 162.2602 15.60331845 21383
FLOCK 2E'-11
1 41577U 98067KB  16291.09677339  .00034745  00000-0  42054-3 0  9998
2 41577  51.6447 166.7228 0002416 319.6422 192.4268 15.60334817 21200
FLOCK 2E'-12
1 41578U 98067KC  16291.11577366  .00032990  00000-0  40274-3 0  9993
2 41578  51.6412 166.8362 0002605 284.4772 234.9009 15.60134478 21206
LEMUR-2-DRMUZZ
1 41595U 16019B   16290.12571250  .00045768  00000-0  45469-3 0  9993
2 41595  51.6391 168.8071 0005842 125.2857 234.8685 15.65262044 18225
LEMUR-2-BRIDGEMAN
1 41596U 16019C   16290.18676937  .00083559  00000-0  69692-3 0  9992
2 41596  51.6371 166.9496 0005541 136.7434 223.3999 15.69331099 18231
LEMUR-2-CUBECHEESE
1 41597U 16019D   16290.53336620  .00074802  00000-0  64164-3 0  9994
2 41597  51.6373 165.5206 0005343 133.9124 226.2314 15.68695712 18308
LEMUR-2-NATE
1 41598U 16019E   16290.83743871  .00071978  00000-0  59749-3 0  9992
2 41598  51.6380 163.8026 0004879 146.0998 214.0311 15.69511283 18353
FLOCK 2P-6
1 41606U 16040H   16291.13415591  .00007276  00000-0  33674-3 0  9994
2 41606  97.4931 349.5777 0011166 196.5470 163.5402 15.20373754 17759
FLOCK 2P-11
1 41608U 16040K   16291.13693792  .00007215  00000-0  33514-3 0  9993
2 41608  97.4929 349.5708 0011260 197.0144 163.0715 15.20250224 17692
FLOCK 2P-2
1 41609U 16040L   16291.13973450  .00007450  00000-0  34684-3 0  9996
2 41609  97.4934 349.5738 0011259 196.1682 163.9195 15.20162703 17670
FLOCK 2P-9
1 41610U 16040M   16291.14114464  .00004201  00000-0  19762-3 0  9992
2 41610  97.4933 349.5680 0011302 196.9443 163.1416 15.20064175 17558
FLOCK 2P-4
1 41611U 16040N   16291.12881248  .00007594  00000-0  35155-3 0  9994
2 41611  97.4954 349.6208 0011252 206.0213 154.0458 15.20350078 17714
FLOCK 2P-10
1 41612U 16040P   16291.10911673  .00002606  00000-0  12160-3 0  9999
2 41612  97.4956 349.6504 0010960 205.9712 154.0974 15.20700188 17717
FLOCK 2P-8
1 41613U 16040Q   16291.12413402  .00008045  00000-0  37100-3 0  9993
2 41613  97.4953 349.6279 0011068 205.6869 154.3817 15.20464266 17717
FLOCK 2P-12
1 41614U 16040R   16291.17009007  .00004696  00000-0  21528-3 0  9996
2 41614  97.4961 349.7340 0010611 204.5495 155.5236 15.20904642 17729
FLOCK 2P-7
1 41615U 16040S   16291.11604435  .00002733  00000-0  12845-3 0  9999
2 41615  97.4953 349.6344 0011052 206.5198 153.5473 15.20413828 17717
FLOCK 2P-5
1 41616U 16040T   16291.10815157  .00006449  00000-0  29547-3 0  9999
2 41616  97.4961 349.6623 0010664 205.0305 155.0415 15.20774264 17693
FLOCK 2P-1
1 41617U 16040U   16291.10317624  .00004385  00000-0  20141-3 0  9994
2 41617  97.4959 349.6669 0010456 205.2768 154.7957 15.20875167 17719
FLOCK 2P-3
1 41618U 16040V   16291.11362342  .00002795  00000-0  13066-3 0  9994
2 41618  97.4961 349.6522 0010726 205.1669 154.9045 15.20580427 17712
BEESAT-4
1 41619U 16040W   16287.62069630  .00005794  00000-0  27210-3 0  9998
2 41619  97.4945 346.0559 0011326 216.8664 143.2309 15.19590041  5135
3CAT-2
1 41732U 16051B   16291.12164366  .00005250  00000-0  21954-3 0  9994
2 41732  97.3737 205.8572 0015833  53.2785  53.6345 15.23912225  9506
FLOCK 2E'-13
1 41761U 98067KH  16291.09806568  .00021727  00000-0  31792-3 0  9994
2 41761  51.6419 169.7459 0009370  79.7175  71.2102 15.55486649  5004
FLOCK 2E'-14
1 41762U 98067KJ  16291.09705807  .00022272  00000-0  32501-3 0  9994
2 41762  51.6459 169.7362 0009320  83.2291  67.7522 15.55544869  5001
FLOCK 2E'-16
1 41763U 98067KK  16291.10062583  .00026319  00000-0  38420-3 0  9996
2 41763  51.6404 169.7649 0008654  91.8099  58.7646 15.55437469  4968
FLOCK 2E'-15
1 41764U 98067KL  16291.09988485  .00028860  00000-0  42024-3 0  9991
2 41764  51.6444 169.7586 0008810  84.4700  65.9196 15.55451291  4963
FLOCK 2E'-18
1 41769U 98067KM  16290.69330631  .00025272  00000-0  36769-3 0  9998
2 41769  51.6439 171.7646 0008804  99.1414 303.7725 15.55550439  4909
FLOCK 2E'-17
1 41776U 98067KN  16290.96023096  .00022373  00000-0  32634-3 0  9996
2 41776  51.6429 170.4210 0008883 106.1788 359.0607 15.55558046  4937
FLOCK 2E'-19
1 41777U 98067KP  16291.09418961  .00023629  00000-0  34097-3 0  9991
2 41777  51.6474 169.7179 0008004  99.8885  51.3980 15.55823605  4914
FLOCK 2E'-20
1 41782U 98067KQ  16291.09619317  .00029038  00000-0  41861-3 0  9992
2 41782  51.6430 169.7360 0007487 105.7471  45.3318 15.55732401  4782
CANX-7
1 41788U 16059F   16290.77276643  .00000306  00000-0  67967-4 0  9997
2 41788  98.2031 348.2255 0029287 203.0008 156.9805 14.63627336  2987
ALSAT 1N
1 41789U 16059G   16291.10986070  .00000281  00000-0  62740-4 0  9994
2 41789  98.2031 348.5743 0028131 195.7130 164.3222 14.63960682  3041
