BEIJING 1               
1 28890U 05043A   16256.17693538  .00000036  00000-0  16266-4 0  9995
2 28890  97.8459  60.0800 0014219 310.8422  49.1531 14.61134739579825
HJ-1A
1 33320U 08041A   16256.16646510  .00000278  00000-0  46968-4 0  9997
2 33320  97.9746 318.9754 0025613 199.1031 160.9226 14.76648359431752
HJ-1B
1 33321U 08041B   16256.18602980  .00000276  00000-0  46555-4 0  9993
2 33321  97.9791 320.0094 0033872 216.1413 143.7512 14.76713473431740
YAOGAN 4
1 33446U 08061A   16256.20098938  .00000171  00000-0  31288-4 0  9999
2 33446  97.5899 263.8151 0017346 125.7434 234.5393 14.76406372419005
DEIMOS-1
1 35681U 09041A   16256.17936385  .00000129  00000-0  28649-4 0  9994
2 35681  97.9797 148.2690 0002659 111.2214 248.9284 14.71595698382259
UK-DMC 2
1 35683U 09041C   16256.16410161  .00000031  00000-0  12835-4 0  9996
2 35683  97.8731 138.7770 0001250  92.8106 267.3244 14.70902431382135
RISAT 1
1 38248U 12017A   16256.04696212  .00000596  00000-0  41746-4 0  9992
2 38248  97.5639 261.4362 0003519 280.2203 164.7579 15.08935274241296
DMC3-FM1
1 40715U 15032A   16256.13225866  .00000061  00000-0  17234-4 0  9999
2 40715  98.0662 147.5928 0015486 311.0958  48.8918 14.73702507 63246
DMC3-FM2
1 40716U 15032B   16256.15515618  .00000081  00000-0  20325-4 0  9996
2 40716  98.0679 147.6340 0012859 321.0602  38.9686 14.73686074 63255
DMC3-FM3
1 40717U 15032C   16256.17795947  .00000090  00000-0  21581-4 0  9999
2 40717  98.0651 148.4889 0016566 312.2881  47.6926 14.73699329 63254
